50
1850
1549
1266
1416
980
723
831
1877
96
1624
1034
1888
631
1033
513
1922
1614
1070
1384
253
1488
1265
1920
333
1801
610
11
877
1460
491
799
1612
1015
640
249
705
590
1033
692
653
933
931
378
1617
1210
1811
1849
944
530
1757
1354
1414
1450
1844
687
649
1857
723
778
1598
53
1483
1958
1775
1915
686
1888
1932
371
1804
261
1519
1387
171
1875
1029
1075
332
552
554
544
555
1376
36
1109
328
1997
1795
1567
1140
519
1095
752
1774
679
418
334
223
1230
143
1677
1778
1179
820
314
1736
1309
196
361
218
1174
1288
242
369
161
1247
503
483
277
1923
202
702
1993
670
764
1162
1450
1965
425
58
1884
1780
1538
980
654
211
635
1985
1489
1191
1350
982
1674
227
1807
372
1141
1104
1194
430
588
962
1098
57
521
94
515
1336
1705
921
402
201
641
1747
1436
89
1141
1428
868
1551
711
1477
1841
1720
1884
1298
719
943
309
590
1653
1872
941
1687
1959
589
446
1292
876
336
1210
333
547
1698
1926
1874
369
1675
1897
751
1134
571
1366
1446
546
1416
581
1901
362
1497
681
1617
799
707
446
651
1321
114
1601
1122
1935
90
1445
1025
1042
798
1347
155
251
1120
657
1005
1618
843
1030
1186
929
174
877
1052
648
649
1528
1794
1074
109
1623
181
1784
255
378
903
996
109
227
1438
601
1253
1839
277
209
1234
262
325
871
279
609
946
134
449
827
1080
625
56
1147
120
1829
215
1170
221
780
1373
192
1348
579
1795
1547
1483
766
318
1827
1625
1355
871
1727
1391
1972
921
1260
1437
1289
586
1896
1320
1101
1806
394
59
1632
441
884
1723
877
1796
715
864
1652
434
1574
224
1451
755
294
206
481
1848
405
963
1907
1383
706
1996
1970
514
651
1189
324
1027
1612
2003
1034
1627
1512
952
1171
588
644
19
1167
131
812
1430
1399
1754
481
28
362
492
128
346
187
1482
617
1957
969
814
1069
181
767
1583
1401
1737
1037
196
899
1019
1126
316
1699
1845
989
414
1476
20
1417
316
1883
1724
224
93
1831
1388
1459
1770
761
1283
295
425
70
34
340
537
1690
1044
1089
1230
1840
1277
271
1822
623
1535
500
858
1655
386
1147
1409
1789
1620
1275
753
1859
1247
1669
1071
395
1627
402
1866
1677
100
716
763
1127
1565
1388
1391
229
1924
500
1144
721
440
1997
2000
1308
1769
132
736
1278
1742
401
929
1963
1629
360
945
1031
1575
963
1848
1323
1505
1936
331
1687
1403
279
464
138
938
1775
1827
1249
1144
1297
889
1340
1951
140
1507
151
274
475
501
1000
317
1908
919
740
1406
99
364
1079
1459
1638
50
1299
358
858
1353
280
1143
118
919
790
1624
1590
1531
527
31
379
1664
1536
1095
817
933
305
872
1057
27
1851
328
680
1598
1193
178
1992
999
1986
390
973
849
775
1601
1459
204
184
15
358
751
1052
414
585
1120
48
245
1195
40
15
932
1080
803
1715
942
1260
1318
555
724
1837
996
1261
1620
1081
98
382
994
1485
201
64
1685
759
1260
507
1286
95
1595
96
1460
130
296
745
1915
383
1288
709
311
838
875
1155
1939
1004
1055
892
631
1460
1826
502
545
1019
167
550
1395
403
1356
1589
910
1843
473
343
1405
1820
1755
216
85
1439
1953
232
427
397
1815
697
1975
1999
2001
1206
167
1768
186
1942
487
183
862
1553
368
881
1989
1938
1326
62
946
14
903
915
362
324
713
320
1080
709
210
139
496
758
1830
621
1858
788
1901
411
1682
919
1899
232
550
10
452
233
464
1833
1423
1353
637
1052
10
813
1644
836
1151
395
915
1588
1509
711
1631
1554
1978
1966
154
13
1968
1479
1634
288
405
1718
231
1880
727
483
1205
963
1864
1914
979
730
639
1364
1787
1697
1295
166
443
1340
331
1209
123
708
1274
1802
385
1977
1896
578
321
778
1710
1561
873
916
1666
1334
988
1352
1857
1243
1836
1808
1933
95
93
722
1122
1435
1384
229
1917
713
1390
1252
815
425
1086
1874
910
1462
1305
829
1756
1209
947
1589
972
1708
476
271
1459
1202
1344
69
1196
517
1452
368
1615
1136
1730
473
594
751
575
1324
1311
963
762
1614
1624
1866
800
1216
105
14
430
1700
206
1741
1454
560
1733
1721
375
1857
660
1360
638
34
606
735
673
1917
226
67
1333
769
485
1680
653
133
657
278
143
124
93
1392
802
1305
1695
1551
59
1236
1823
326
72
1470
1022
567
780
993
471
63
444
1596
1301
1389
281
542
1366
600
735
1696
14
1330
1789
680
367
55
1975
715
87
939
777
723
1418
1379
1244
1297
1601
1762
893
1157
1363
551
1244
332
468
357
83
1769
300
420
488
1287
1097
406
548
1117
1655
1852
437
35
334
153
752
1316
749
839
1275
1221
182
553
347
613
282
161
1241
277
1606
595
58
1450
1710
1594
1663
913
1305
1338
1578
1074
925
1461
1875
392
1709
961
1482
256
1664
1962
1517
912
244
532
1628
1786
2002
756
1643
304
1988
1712
1880
1994
1028
1715
1678
1142
1431
1174
1465
1600
762
860
1178
1939
715
1276
45
1886
715
372
522
1530
1891
203
345
1579
613
264
1626
1541
580
994
339
1985
1767
440
523
800
1193
178
1607
1615
757
1159
1810
1083
1552
528
1714
1959
1607
1293
1881
796
1691
55
1226
2001
1514
1909
333
1211
512
947
1348
342
750
255
623
196
10
1062
524
982
118
768
1667
1257
1813
1063
1041
402
283
1245
1924
1454
677
1022
119
467
650
51
1949
491
1376
1289
1939
1698
577
1250
1441
973
1455
1754
626
1437
294
1693
149
453
785
1975
2002
248
1536
348
945
967
1736
793
1223
266
1275
1882
626
1116
922
958
1496
1788
697
1112
1643
1025
802
1399
1439
1357
1580
312
927
150
1452
1274
925
1473
1165
1090
1513
1664
989
737
1860
397
1192
1891
484
1079
1064
104
1290
1293
1565
824
1395
504
250
355
845
526
816
760
874
1620
191
487
1257
1156
1050
487
1395
1056
714
668
1236
1429
278
1700
1451
931
178
561
947
1996
485
972
1138
1355
159
664
1842
136
619
1844
1135
1625
1073
1285
800
1322
383
1460
169
1984
1657
1619
144
1642
1423
230
1118
713
798
144
1209
1858
1769
1739
1280
1778
586
348
551
1249
1683
902
1587
250
634
1630
2008
1098
1669
687
1841
1543
418
1375
31
419
1130
2002
887
721
390
653
1173
1479
578
141
197
532
1282
1417
211
1876
787
869
81
1074
1267
857
154
557
1187
1986
692
622
1595
631
1931
89
911
1134
1356
578
881
800
1359
1330
1847
794
1305
1098
1391
1558
1648
359
1712
281
1504
1462
131
1358
397
874
1297
771
1738
829
1182
66
1994
851
1591
1812
630
1397
824
1281
334
828
1825
842
1987
1515
522
906
1876
1986
324
506
1175
273
242
901
1787
634
136
988
1963
1099
1634
1578
1030
1546
1305
1818
1549
1313
2002
776
1324
1260
839
1333
1596
80
1209
351
1192
687
1798
976
1455
921
1848
2006
1722
1365
1919
483
1391
624
800
742
661
421
269
1002
1992
255
823
877
1903
91
225
611
1292
880
1383
460
84
1795
318
723
1440
1078
1822
1641
1955
1698
1406
866
13
389
1455
1118
400
1133
1708
346
737
406
927
1928
768
1120
167
620
1899
1028
665
1017
1856
520
1685
380
962
210
267
758
126
138
670
1648
1791
98
1607
250
1646
1978
156
132
1902
975
115
721
503
1860
1858
137
49
1892
1913
1022
1699
1478
1474
641
1053
802
215
1989
227
1668
325
1637
1723
783
1888
594
617
1891
1000
1471
40
193
1114
496
1276
462
105
1536
1573
1863
1070
691
1927
693
1806
1803
1320
65
1323
1951
138
1609
1070
2008
2009
962
627
590
951
1217
1397
1075
1207
85
1580
478
1142
183
724
1259
1808
358
849
1456
1202
828
879
995
1804
532
478
1706
1322
688
606
1235
355
1718
1847
1894
641
939
285
488
962
931
98
337
510
1991
844
576
363
584
584
429
77
1955
671
175
1281
1766
1497
768
1900
1042
1487
1389
736
1617
1733
146
1263
218
1447
86
1603
34
179
963
1676
1189
904
1897
507
2006
1309
706
688
787
1238
137
335
1581
354
1399
344
214
808
1678
1095
1020
164
1130
281
85
1212
1845
1392
955
1799
922
56
1258
656
1388
859
1879
216
1368
594
676
1178
39
446
49
1955
313
1478
1621
210
303
1345
542
1180
151
1046
213
450
573
866
581
1559
304
1882
1853
397
1123
1698
180
1728
1637
1405
1149
1637
339
437
1803
900
1132
1246
855
643
1366
1670
1359
517
191
496
449
580
1910
65
521
1754
107
810
1735
966
469
1575
1749
893
1026
151
1607
607
1092
798
1731
1947
234
1479
147
1605
1804
1758
137
840
220
1453
1282
631
1561
229
174
1912
1317
847
1071
1283
393
547
609
1223
1192
1449
89
318
1186
287
1744
322
746
362
834
1904
617
496
561
1740
1652
1862
1072
1109
364
869
733
1418
133
1122
974
813
1929
638
112
391
1309
1803
348
1852
1109
401
779
1872
403
1967
731
427
1638
1814
114
969
1121
1250
1122
1365
1688
234
110
887
435
347
124
1563
1244
608
1867
996
235
69
935
832
1412
907
27
446
1999
1182
759
1070
297
1606
1298
744
1705
571
1841
831
38
1309
312
1559
87
658
912
1621
1802
257
506
102
505
1454
883
195
1017
2007
1241
515
2005
319
477
1809
396
1737
1641
1440
1702
1591
580
412
1980
579
1300
1442
169
239
371
83
1899
1816
1684
165
942
592
1096
1419
907
1707
1661
1479
573
1274
86
701
1493
1879
160
361
1391
1200
1796
163
148
1271
1129
1633
209
1465
1404
894
1431
558
82
1338
516
161
1117
531
131
1216
1086
738
1839
1830
1498
1273
286
1367
431
507
732
1708
120
380
309
112
1808
1691
951
1529
324
1309
1894
1723
636
701
178
266
1131
400
871
1246
804
13
691
124
192
973
1070
579
1053
271
901
1476
57
1440
1526
1029
1904
1641
355
1511
850
1593
849
1287
1609
1492
96
1826
265
140
1376
1245
1896
559
1394
1412
1360
1953
1436
625
883
44
1057
751
1055
262
465
223
1778
898
829
843
111
856
686
730
1217
1417
1654
1187
1984
1246
1958
165
466
1489
498
70
1299
1982
578
122
1800
1307
810
439
1665
1078
621
166
509
1806
1997
77
1107
1988
166
1803
1005
339
684
275
1927
686
1298
1693
873
1145
1468
825
1713
604
1287
886
1477
1539
1448
258
616
664
1090
530
506
1637
1468
1652
245
1957
1346
691
2005
1819
1466
1372
679
277
1370
254
1270
497
1753
1063
482
673
1187
1773
1842
380
1009
1817
1275
1877
264
1723
433
128
1760
362
1341
